#C:\GitHub\6967986796707097\Demo\webgenerator.py
# GMT Sun Jun 03 21:22:11 2012
# empty_graph(1000)
0 
1 
2 
3 
4 
5 
6 
7 
8 577 788 
9 
10 
11 
12 
13 
14 
15 
16 
17 
18 577 
19 
20 
21 
22 
23 
24 
25 
26 577 
27 
28 
29 
30 
31 
32 
33 
34 
35 
36 
37 
38 
39 
40 
41 
42 
43 
44 
45 
46 
47 
48 624 577 531 
49 
50 
51 
52 
53 96 577 196 321 624 788 599 
54 
55 577 788 
56 
57 
58 
59 
60 
61 
62 
63 577 243 985 
64 
65 
66 577 
67 577 
68 577 837 
69 
70 
71 
72 577 
73 
74 
75 
76 
77 
78 
79 
80 
81 
82 
83 
84 
85 
86 
87 
88 
89 
90 
91 
92 
93 
94 577 
95 
96 577 776 682 493 599 894 
97 
98 577 
99 
100 577 837 682 846 243 788 150 695 
101 
102 
103 
104 
105 
106 
107 
108 
109 577 795 788 
110 
111 
112 
113 
114 
115 577 788 894 
116 
117 
118 
119 
120 
121 577 
122 
123 
124 
125 
126 577 788 
127 
128 577 
129 
130 
131 
132 
133 
134 
135 
136 
137 788 
138 
139 
140 
141 960 577 322 
142 
143 
144 
145 
146 
147 
148 
149 
150 577 578 547 837 391 695 461 623 624 243 788 599 292 571 
151 960 577 578 321 151 243 788 599 670 
152 
153 
154 577 243 788 
155 
156 
157 
158 
159 
160 
161 577 
162 379 577 243 652 
163 
164 577 
165 577 
166 
167 
168 
169 
170 
171 
172 
173 
174 
175 
176 
177 
178 
179 
180 
181 577 695 
182 
183 577 
184 
185 
186 
187 
188 
189 
190 577 788 
191 
192 
193 
194 
195 
196 577 243 788 
197 
198 
199 
200 
201 577 
202 
203 
204 577 
205 
206 
207 577 
208 
209 
210 
211 
212 
213 577 
214 
215 
216 
217 
218 
219 
220 
221 
222 577 
223 
224 
225 
226 
227 
228 
229 584 577 
230 577 
231 
232 
233 
234 
235 577 788 
236 
237 
238 
239 
240 
241 
242 577 
243 391 777 652 909 788 278 280 795 682 431 990 695 700 829 960 577 578 584 330 842 846 466 469 599 600 985 862 866 355 750 623 624 243 254 379 894 
244 
245 
246 
247 
248 577 
249 
250 577 
251 
252 
253 
254 577 599 
255 
256 
257 577 
258 
259 
260 
261 
262 
263 
264 
265 
266 
267 
268 
269 
270 
271 
272 
273 
274 
275 
276 577 
277 
278 960 577 676 909 592 788 599 
279 
280 960 577 837 776 788 342 829 862 
281 
282 
283 
284 
285 
286 
287 
288 
289 
290 
291 
292 577 940 798 
293 
294 577 547 695 
295 
296 
297 
298 
299 
300 
301 
302 
303 577 322 
304 
305 
306 
307 
308 
309 
310 
311 
312 
313 
314 
315 
316 
317 
318 
319 
320 
321 960 577 896 584 652 599 460 736 788 795 636 829 862 
322 577 837 624 788 599 829 
323 
324 577 
325 
326 
327 
328 577 578 599 
329 
330 577 
331 
332 
333 
334 
335 
336 
337 
338 
339 
340 
341 
342 577 
343 
344 
345 
346 
347 577 909 
348 
349 
350 
351 
352 
353 
354 
355 577 788 469 
356 
357 577 797 
358 577 578 788 
359 
360 
361 
362 
363 
364 
365 
366 
367 
368 
369 
370 
371 
372 
373 
374 
375 
376 
377 
378 
379 577 
380 
381 
382 
383 
384 
385 
386 
387 
388 
389 577 
390 
391 960 577 776 842 599 954 795 829 
392 
393 
394 
395 
396 
397 
398 
399 
400 
401 
402 
403 
404 
405 
406 
407 577 
408 
409 
410 
411 
412 
413 
414 
415 
416 
417 
418 
419 
420 
421 
422 
423 
424 
425 
426 
427 
428 
429 
430 577 788 
431 577 795 
432 
433 
434 
435 
436 
437 
438 
439 
440 
441 577 599 
442 
443 
444 
445 
446 
447 577 822 695 
448 
449 577 795 
450 
451 
452 
453 
454 
455 577 
456 
457 
458 
459 
460 577 599 
461 577 578 829 
462 
463 
464 
465 
466 577 
467 
468 
469 577 777 
470 
471 
472 
473 
474 
475 
476 
477 
478 
479 
480 
481 
482 
483 
484 
485 
486 
487 
488 
489 
490 
491 
492 
493 577 960 837 
494 
495 577 599 
496 
497 
498 
499 
500 577 788 
501 
502 
503 
504 
505 
506 
507 
508 
509 
510 
511 
512 
513 599 
514 
515 
516 
517 
518 
519 
520 
521 577 
522 
523 
524 
525 
526 
527 577 
528 
529 
530 577 
531 
532 
533 
534 
535 
536 
537 
538 
539 
540 577 
541 
542 
543 
544 
545 
546 
547 577 788 822 
548 577 
549 
550 
551 
552 
553 
554 
555 960 577 
556 
557 
558 
559 
560 
561 577 
562 577 822 599 
563 
564 
565 
566 
567 
568 
569 
570 
571 577 
572 
573 
574 
575 
576 
577 577 578 581 587 592 594 596 599 600 604 620 621 622 623 624 626 636 584 652 669 682 686 689 695 699 700 703 705 736 737 740 745 750 751 753 767 768 776 777 784 788 674 795 797 808 811 815 817 734 822 829 837 841 842 846 676 862 866 873 878 894 896 919 908 909 913 836 924 942 840 954 958 960 964 980 983 985 990 996 
578 896 842 652 788 894 599 829 862 
579 
580 
581 652 788 829 
582 
583 
584 960 682 652 942 669 788 692 924 829 997 
585 
586 
587 
588 
589 
590 
591 
592 909 
593 
594 788 829 
595 
596 829 
597 
598 
599 776 777 652 909 788 623 822 829 960 836 837 599 862 866 624 894 
600 990 
601 
602 
603 
604 788 
605 
606 
607 
608 
609 
610 
611 
612 
613 
614 
615 
616 
617 
618 
619 
620 
621 
622 
623 788 
624 909 788 695 
625 
626 
627 
628 
629 
630 
631 
632 
633 
634 
635 
636 
637 
638 
639 
640 
641 
642 
643 
644 
645 
646 
647 
648 
649 
650 
651 
652 960 837 737 682 909 788 894 
653 
654 
655 
656 
657 
658 
659 
660 
661 
662 
663 
664 
665 
666 
667 
668 
669 
670 
671 
672 
673 
674 
675 
676 
677 
678 
679 
680 
681 
682 870 788 829 703 
683 
684 
685 
686 
687 
688 
689 
690 
691 
692 
693 
694 
695 837 788 894 
696 
697 
698 
699 
700 
701 
702 
703 
704 
705 
706 
707 
708 
709 
710 
711 
712 
713 
714 
715 
716 
717 
718 
719 
720 
721 
722 
723 
724 
725 
726 
727 
728 
729 
730 
731 
732 
733 
734 
735 
736 788 
737 960 894 788 
738 
739 
740 
741 
742 
743 
744 
745 
746 
747 
748 
749 
750 
751 
752 
753 
754 
755 
756 
757 
758 
759 
760 
761 
762 
763 
764 
765 
766 
767 788 
768 
769 
770 
771 
772 
773 
774 
775 
776 
777 788 894 
778 
779 
780 
781 
782 
783 
784 
785 
786 
787 
788 788 795 822 829 960 836 837 842 985 862 894 
789 
790 
791 
792 
793 
794 
795 822 
796 
797 862 
798 
799 
800 
801 
802 
803 
804 
805 
806 
807 
808 
809 
810 
811 
812 
813 
814 
815 
816 
817 
818 
819 
820 
821 
822 
823 
824 
825 
826 
827 
828 
829 960 909 837 
830 
831 
832 
833 
834 
835 
836 894 
837 960 862 
838 
839 
840 
841 
842 
843 
844 
845 
846 
847 
848 
849 
850 
851 
852 
853 
854 
855 
856 
857 
858 
859 
860 
861 
862 942 862 
863 
864 
865 
866 909 
867 
868 
869 
870 
871 
872 
873 
874 
875 
876 
877 
878 
879 
880 
881 
882 
883 
884 
885 
886 
887 
888 
889 
890 
891 
892 
893 
894 
895 
896 
897 
898 
899 
900 
901 
902 
903 
904 
905 
906 
907 
908 
909 
910 
911 
912 
913 
914 
915 
916 
917 
918 
919 
920 
921 
922 
923 
924 
925 
926 
927 
928 
929 
930 
931 
932 
933 
934 
935 
936 
937 
938 
939 
940 
941 
942 
943 
944 
945 
946 
947 
948 
949 
950 
951 
952 
953 
954 
955 
956 
957 
958 
959 
960 
961 
962 
963 
964 
965 
966 
967 
968 
969 
970 
971 
972 
973 
974 
975 
976 
977 
978 
979 
980 
981 
982 
983 
984 
985 
986 
987 
988 
989 
990 
991 
992 
993 
994 
995 
996 
997 
998 
999 
